7886
3810.51
3702.61
7425.75
2922.94
2574.96
11488.4
3239.51
5824.52
3341.47
6550.24
7515.7
9514.01
5717.44
2025.01
5087.4
387.507
5744.67
2935.82
1421.01
1347.18
758.272
191.621
885.979
497.783
265.104
769.596
419.799
125.345
399.599
502.275
345.126
381.052
97.043
285.879
260.34
203.826
302.701
241.563
103.029
195.751
220.446
833.322
460.609
33.7187
181.776
87.7603
228.95
259.739
173.282
141.592
125.747
135.166
164.066
242.29
217.478
170.184
113.413
230.98
225.728
187.861
161.459
122.366
159.621
136.375
106.597
177.194
158.807
156.37
109.443
187.243
264.588
227.131
60.244
175.16
253.701
160.095
125.451
276.123
106.737
56.0668
144.215
80.2018
137.945
179.494
72.0673
49.3732
45.4871
147.409
96.0635
55.3937
94.8251
28.5845
42.8705
100.42
163.792
142.55
21.7807
95.5547
27.7709
23.3689
65.4037
225.713
73.3257
129.515
160.639
89.6678
161.528
47.0714
106.495
108.434
65.5336
58.2367
150.088
62.8529
92.4123
78.8596
47.1996
11.0936
120.785
153.109
151.79
197.982
90.5469
62.1153
64.4637
140.053
137.089
35.5957
81.6259
52.6546
23.104
80.9572
66.9698
97.1236
143.57
46.3533
31.5869
71.3992
49.628
89.6907
12.5065
38.6218
22.958
203.531
88.1234
165.748
68.9493
86.2528
11.4472
134.907
109.169
93.5025
122.862
107.142
88.3388
15.7439
119.481
50.455
20.1862
123.329
72.8855
78.9504
66.5773
39.5741
80.1574
75.7021
70.6457
51.0559
97.7985
81.7951
106.203
69.2435
27.3388
34.3908
108.66
101.047
81.303
71.9687
77.9409
90.3124
43.2577
71.9114
80.4895
52.4101
66.1695
41.4014
104.067
96.2675
74.2714
100.617
121.22
99.6179
53.359
106.535
88.9541
53.7069
22.763
64.7676
116.739
64.3276
25.1736
67.1797
38.001
37.0436
43.9442
31.9529
66.9115
47.9399
51.7316
144.768
52.1557
8.20158
92.161
91.8855
30.9464
66.7377
65.2718
117.663
89.0408
106.054
73.0925
135.153
85.1274
123.867
113.358
124.824
76.4553
26.056
99.4981
95.0057
129.522
105.812
52.6938
74.7899
47.4795
72.2818
102.539
28.887
101.265
198.848
51.3654
9.10455
38.1505
138.996
95.8241
79.4039
83.8515
28.7694
85.3556
63.8481
50.1445
121.247
41.8596
73.7185
20.9357
83.8672
89.5876
56.5007
122.024
81.8826
51.8282
26.3953
79.7668
37.8303
48.8774
158.342
23.9336
110.344
117.403
76.919
27.5603
80.3441
101.445
41.8962
88.736
66.9483
69.4916
16.3117
38.0678
86.3998
79.8296
74.221
13.7786
62.3698
63.8991
90.9347
10.7675
90.1811
81.2355
116.798
44.003
62.6449
96.1224
124.836
61.9673
101.303
65.7337
25.7657
79.9848
68.8183
78.72
70.4469
168.371
114.197
62.3142
57.4593
73.1229
102.672
195.59
136.716
57.7248
140.316
127.176
168.768
307.836
84.6085
72.2379
103.91
338.266
194.474
191.375
64.4752
120.022
43.6846
70.2529
150.169
187.127
152.742
111.788
101.654
68.8013
107.221
101.131
146.668
190.063
121.275
254.396
112.551
126.116
133.405
355.955
191.983
150.626
318.393
71.4001
50.1855
4.97131
113.264
228.702
101.564
77.7946
106.015
200.164
423.569
149.114
102.659
384.514
374.666
103.69
201.962
163.337
18.2713
27.293
191.119
82.6536
85.0432
40.8528
70.8225
140.261
15.3848
71.056
120.565
88.0315
76.6897
74.2241
125.865
150.838
165.551
59.2258
49.6028
84.2396
63.1838
78.6297
133.445
94.832
132.756
39.7729
60.9129
46.7298
37.7032
26.657
17.3033
55.6684
35.4537
101.067
31.6107
49.7482
65.8869
98.0329
99.585
22.7637
43.4362
113.051
122.734
44.7341
69.8666
16.4989
11.0156
50.1649
38.8355
20.0706
67.178
65.5559
73.9788
36.1374
47.8475
21.6715
26.5355
78.9224
61.7769
64.4837
79.5182
30.5678
21.5293
56.3195
61.1252
53.6445
55.0383
51.8116
47.8535
30.5798
53.0232
64.2636
41.0487
62.8858
75.7103
33.0311
40.9378
60.4928
113.038
101.631
79.7616
66.2013
67.2471
68.7724
63.2988
84.6104
54.4776
65.9502
46.577
138.526
64.523
4.79444
7.75036
38.1865
62.0572
19.7184
50.1183
45.4363
46.0861
53.4789
46.6449
49.8527
17.0045
55.9756
18.2819
45.8121
25.9874
107.676
26.0632
40.1713
130.689
64.6311
42.0395
67.5027
45.6269
63.9915
20.7913
19.6111
81.9488
89.3364
43.2228
115.132
66.4612
28.5623
37.0098
83.4605
84.3879
62.8783
34.2768
75.6309
89.8718
48.0533
33.3805
57.753
82.4965
121.758
34.7227
23.8528
42.026
96.4425
65.4637
83.5088
143.132
95.6253
173.229
65.4661
39.5575
51.6216
29.5438
22.5906
137.355
75.6282
124.67
84.43
6.53886
1.5284
54.5946
51.9077
89.7135
65.3265
52.5646
80.1886
94.6891
51.2391
35.8544
94.213
92.1935
39.0726
28.6119
64.735
31.3295
43.4714
44.3021
45.7184
16.7682
35.5088
64.1126
26.2983
20.8059
19.3111
21.9392
22.4289
17.1777
26.8883
19.813
13.0485
11.9132
18.5193
6.39151
19.8143
